       1       1       0       0       0       0       0       0       0       0       0
       0       1       0       0       0       0       0       0       0       0       0
       0       0       0       0       0       0       0       0       0       0       0
       0       0       0       0       0       0       0       0       0       0       0
       0       0       0       0       0       0       0       0       0       0       0
       0       0       0       0       0       0       0       0       0       0       0
       0       0       0       0       0       0       0       0       0       0       0
       0       0       0       0       0       0       0       0       0       0       0
       0       0       0       0       0       0       0       0       0       0       0
       0       0       0       0       0       0       0       0       0       0       0
       0       0       0       0       0       0       0       0       0       0       0
       1       2       0       0       0       0       0       0       0       0       0
       1       1       1       0       0       0       0       0       0       0       0
       0       1       3       0       0       0       0       0       0       0       0
       0       0       1       0       0       0       0       0       0       0       0
       0       0       0       0       0       0       0       0       0       0       0
       0       0       0       0       0       0       0       0       0       0       0
       0       0       0       0       0       0       0       0       0       0       0
       0       0       0       0       0       0       0       0       0       0       0
       0       0       0       0       0       0       0       0       0       0       0
       0       0       0       0       0       0       0       0       0       0       0
       0       0       0       0       0       0       0       0       0       0       0
       0       0       0       0       0       0       0       0       0       0       0
       1       2       5       0       0       0       0       0       0       0       0
       1       1       1       1       0       0       0       0       0       0       0
       0       1       3       7       0       0       0       0       0       0       0
       0       0       1       6       0       0       0       0       0       0       0
       0       0       0       1       0       0       0       0       0       0       0
       0       0       0       0       0       0       0       0       0       0       0
       0       0       0       0       0       0       0       0       0       0       0
       0       0       0       0       0       0       0       0       0       0       0
       0       0       0       0       0       0       0       0       0       0       0
       0       0       0       0       0       0       0       0       0       0       0
       0       0       0       0       0       0       0       0       0       0       0
       0       0       0       0       0       0       0       0       0       0       0
       1       2       5      15       0       0       0       0       0       0       0
       1       1       1       1       1       0       0       0       0       0       0
       0       1       3       7      15       0       0       0       0       0       0
       0       0       1       6      25       0       0       0       0       0       0
       0       0       0       1      10       0       0       0       0       0       0
       0       0       0       0       1       0       0       0       0       0       0
       0       0       0       0       0       0       0       0       0       0       0
       0       0       0       0       0       0       0       0       0       0       0
       0       0       0       0       0       0       0       0       0       0       0
       0       0       0       0       0       0       0       0       0       0       0
       0       0       0       0       0       0       0       0       0       0       0
       0       0       0       0       0       0       0       0       0       0       0
       1       2       5      15      52       0       0       0       0       0       0
       1       1       1       1       1       1       0       0       0       0       0
       0       1       3       7      15      31       0       0       0       0       0
       0       0       1       6      25      90       0       0       0       0       0
       0       0       0       1      10      65       0       0       0       0       0
       0       0       0       0       1      15       0       0       0       0       0
       0       0       0       0       0       1       0       0       0       0       0
       0       0       0       0       0       0       0       0       0       0       0
       0       0       0       0       0       0       0       0       0       0       0
       0       0       0       0       0       0       0       0       0       0       0
       0       0       0       0       0       0       0       0       0       0       0
       0       0       0       0       0       0       0       0       0       0       0
       1       2       5      15      52     203       0       0       0       0       0
       1       1       1       1       1       1       1       0       0       0       0
       0       1       3       7      15      31      63       0       0       0       0
       0       0       1       6      25      90     301       0       0       0       0
       0       0       0       1      10      65     350       0       0       0       0
       0       0       0       0       1      15     140       0       0       0       0
       0       0       0       0       0       1      21       0       0       0       0
       0       0       0       0       0       0       1       0       0       0       0
       0       0       0       0       0       0       0       0       0       0       0
       0       0       0       0       0       0       0       0       0       0       0
       0       0       0       0       0       0       0       0       0       0       0
       0       0       0       0       0       0       0       0       0       0       0
       1       2       5      15      52     203     877       0       0       0       0
       1       1       1       1       1       1       1       1       0       0       0
       0       1       3       7      15      31      63     127       0       0       0
       0       0       1       6      25      90     301     966       0       0       0
       0       0       0       1      10      65     350    1701       0       0       0
       0       0       0       0       1      15     140    1050       0       0       0
       0       0       0       0       0       1      21     266       0       0       0
       0       0       0       0       0       0       1      28       0       0       0
       0       0       0       0       0       0       0       1       0       0       0
       0       0       0       0       0       0       0       0       0       0       0
       0       0       0       0       0       0       0       0       0       0       0
       0       0       0       0       0       0       0       0       0       0       0
       1       2       5      15      52     203     877    4140       0       0       0
       1       1       1       1       1       1       1       1       1       0       0
       0       1       3       7      15      31      63     127     255       0       0
       0       0       1       6      25      90     301     966    3025       0       0
       0       0       0       1      10      65     350    1701    7770       0       0
       0       0       0       0       1      15     140    1050    6951       0       0
       0       0       0       0       0       1      21     266    2646       0       0
       0       0       0       0       0       0       1      28     462       0       0
       0       0       0       0       0       0       0       1      36       0       0
       0       0       0       0       0       0       0       0       1       0       0
       0       0       0       0       0       0       0       0       0       0       0
       0       0       0       0       0       0       0       0       0       0       0
       1       2       5      15      52     203     877    4140   21147       0       0
       1       1       1       1       1       1       1       1       1       1       0
       0       1       3       7      15      31      63     127     255     511       0
       0       0       1       6      25      90     301     966    3025    9330       0
       0       0       0       1      10      65     350    1701    7770   34105       0
       0       0       0       0       1      15     140    1050    6951   42525       0
       0       0       0       0       0       1      21     266    2646   22827       0
       0       0       0       0       0       0       1      28     462    5880       0
       0       0       0       0       0       0       0       1      36     750       0
       0       0       0       0       0       0       0       0       1      45       0
       0       0       0       0       0       0       0       0       0       1       0
       0       0       0       0       0       0       0       0       0       0       0
       1       2       5      15      52     203     877    4140   21147  115975       0
       1       1       1       1       1       1       1       1       1       1       1
       0       1       3       7      15      31      63     127     255     511    1023
       0       0       1       6      25      90     301     966    3025    9330   28501
       0       0       0       1      10      65     350    1701    7770   34105  145750
       0       0       0       0       1      15     140    1050    6951   42525  246730
       0       0       0       0       0       1      21     266    2646   22827  179487
       0       0       0       0       0       0       1      28     462    5880   63987
       0       0       0       0       0       0       0       1      36     750   11880
       0       0       0       0       0       0       0       0       1      45    1155
       0       0       0       0       0       0       0       0       0       1      55
       0       0       0       0       0       0       0       0       0       0       1
       1       2       5      15      52     203     877    4140   21147  115975  678570
